7157,4
7157,3
7157,2
7157,1
7157,0
7156,4
7156,3
7156,2
7156,1
7156,0
7155,3
7155,2
7155,1
7155,0
7154,5
7154,4
7154,3
7154,2
7154,1
7154,0
7153,5
7153,4
7153,3
7153,2
7153,1
7153,0
7152,3
7152,2
7152,1
7152,0
7151,5
7151,4
7151,3
7151,2
7151,1
7151,0
7150,6
7150,5
7150,4
7150,3
7150,2
7150,1
7150,0
7149,5
7149,4
7149,3
7149,2
7149,1
7149,0
7148,4
7148,3
7148,2
7148,1
7148,0
7147,5
7147,4
7147,3
7147,2
7147,1
7147,0
7146,5
7146,4
7146,3
7146,2
7146,1
7146,0
7145,4
7145,3
7145,2
7145,1
7145,0
7144,5
7144,4
7144,3
7144,2
7144,1
7144,0
7143,5
7143,4
7143,3
7143,2
7143,1
7143,0
7142,3
7142,2
7142,1
7142,0
7,3
5,3
5,2
5,0
4,3
3,2
2,2
1,2
0,52
0,9
0,2
1,45
3,44
2,44
1,44
3,43
2,43
1,43
3,42
2,42
1,42
3,41
2,41
1,41
3,40
2,40
1,40
3,39
2,39
1,39
3,38
2,38
1,38
3,37
2,37
1,37
3,36
2,36
1,36
3,35
2,35
1,35
3,34
2,34
1,34
3,33
2,33
1,33
3,32
2,32
1,32
3,31
2,31
1,31
3,30
2,30
1,30
3,29
2,29
1,29
3,28
2,28
1,28
3,27
2,27
1,27
3,26
2,26
1,26
3,25
2,25
1,25
3,24
2,24
1,24
3,23
2,23
1,23
3,22
2,22
1,22
3,21
2,21
1,21
3,20
2,20
1,20
3,19
2,19
1,19
3,18
2,18
1,18
3,17
2,17
1,17
3,16
2,16
1,16
3,15
2,15
1,15
3,14
2,14
1,14
3,13
2,13
1,13
3,12
2,12
1,12
3,11
2,11
1,11
3,10
2,10
1,10
3,9
2,9
1,9
3,8
2,8
1,8
3,7
2,7
1,7
3,6
2,6
1,6
3,5
2,5
1,5
3,4
2,4
1,4
3,3
3,0
2,3
2,0
1,3
1,0
0,6
0,0
0,47
0,46
0,49
0,48
0,45
0,12
0,51
0,10
0,8
0,11
0,5
0,7
0,4
0,3
